4655
8558
3593
3220
4606
6364
7594
3075
7132
1497
8056
7695
1844
5805
89
9733
7466
1641
9859
1767
185
7977
2825
1689
5616
8374
1254
957
7781
6664
5504
4702
4167
2666
1731
2955
9604
9004
3674
8531
1546
1456
2856
1343
9092
6891
6225
1666
3066
3792
520
7859
4547
6024
2842
3207
9788
6158
8322
3006
9725
4280
9571
1573
9165
9488
16
8061
4
8885
4315
6553
7646
4946
5760
2563
7858
9390
7477
639
8842
4836
9442
7008
8348
2072
8863
4394
3836
6675
1327
8987
1978
5368
38
7696
5331
8523
2323
7687
4597
4481
4924
9661
2290
2490
7987
1780
6233
5323
4845
4654
9474
5019
1726
6593
5137
2617
2433
7899
5299
509
7140
8284
1611
1129
8954
8634
8535
4983
6786
1434
4339
1750
8203
7693
6005
327
8828
374
91
6165
7891
4990
2459
3641
7819
4820
3452
5512
1046
5062
8754
8449
7772
4722
4799
1436
3407
9327
8559
7784
4707
1521
6540
1620
2253
701
4726
8598
6636
5596
2981
211
8163
5986
8753
2406
4659
2569
1551
5971
9510
6351
2682
4520
7217
8973
7257
8002
8821
10000
2018
9293
4791
2433
9794
5776
6902
126
4543
2599
4853
4326
9769
5258
2856
606
7385
9054
8895
8634
3559
1644
5202
7343
3358
2457
5226
3969
7905
8921
9711
7790
2954
6697
9259
4828
4651
1762
5544
1608
3112
2460
950
8895
206
3973
7193
1647
5887
3935
5460
9440
8140
3264
3571
3852
845
8726
1046
2591
4782
5816
9085
6185
