0.004370
0.015893
0.039494
0.005130
0.017981
0.057063
0.043485
-0.055125
0.051347
-0.030244
0.095785
-0.047121
-0.027978
-0.043226
0.057216
-0.003840
-0.007054
-0.018575
0.036460
0.045676
-0.035549
-0.023836
-0.014516
0.009601
-0.000225
0.005127
0.053794
-0.023795
-0.019428
0.007889
0.020042
-0.009777
-0.046532
-0.019980
-0.034396
-0.059889
-0.063331
-0.099457
-0.060933
0.058019
-0.041301
0.057164
0.061440
0.030091
0.010092
0.002713
0.058681
0.059421
-0.042482
0.072782
-0.013229
0.006567
-0.088458
-0.049130
-0.002132
-0.031828
-0.044902
0.053015
-0.056891
0.041894
0.061324
0.059479
-0.043123
0.039732
0.029833
0.020968
-0.068533
0.026568
-0.028100
-0.030707
0.040782
0.005586
-0.033495
-0.036820
0.057147
0.002034
0.017273
0.025433
0.016730
-0.113172
0.021033
0.063263
0.045688
0.096430
-0.018717
-0.000090
-0.066786
-0.038230
0.033425
0.056437
-0.017761
-0.003602
0.046556
-0.012199
0.039014
-0.025211
-0.008769
-0.088517
0.016673
0.076406
-0.082192
-0.017593
0.050046
-0.014955
-0.065192
-0.045049
0.007709
0.054561
0.059814
-0.014250
0.011299
-0.001626
0.073631
0.118805
-0.055793
0.034873
-0.019791
-0.035677
0.018637
-0.105686
-0.028677
-0.029973
-0.075658
0.006445
-0.039887
0.033822
-0.021465
-0.012115
0.010416
-0.029119
0.013526
0.004583
0.033975
0.011976
0.004807
-0.110767
0.017502
-0.011376
-0.045225
0.032206
-0.102929
0.030223
-0.052948
0.065949
0.046317
-0.065242
0.012377
0.112913
0.046826
-0.068110
0.018979
0.003129
0.056443
-0.023239
-0.057855
0.029106
-0.031649
-0.047055
-0.073265
0.026909
-0.033954
-0.034309
0.084605
0.027967
0.001908
0.045658
-0.118543
0.024099
-0.004527
0.038442
-0.012885
-0.044220
-0.035946
-0.034195
0.032322
0.043588
-0.009906
0.010043
-0.054472
0.048491
-0.047348
-0.017400
-0.025117
0.095506
0.019740
0.035396
-0.049501
0.043266
0.052901
0.014273
-0.077763
0.020578
0.037157
-0.038066
-0.033130
-0.013670
0.063445
0.034115
0.063391
0.087951
-0.092165
-0.090567
-0.087349
-0.035316
-0.129345
-0.016594
0.012072
0.050593
-0.076494
-0.041529
0.016552
0.082024
0.034568
-0.055681
-0.051441
0.047773
0.008417
-0.091852
0.045644
0.035271
-0.070765
-0.009689
-0.030579
0.013635
-0.062237
-0.076028
-0.011249
-0.052381
0.015571
0.093110
-0.101282
-0.040817
-0.019355
0.003460
0.006206
-0.072297
0.010594
0.055286
0.044207
-0.001374
0.004929
0.078912
-0.068350
0.010353
-0.037992
-0.042898
-0.131153
-0.083414
0.018140
-0.063625
0.022542
-0.049686
-0.069227
-0.019773
-0.006265
-0.030245
