-0.053304
-0.024982
0.024788
-0.011818
-0.019766
0.046517
-0.022970
-0.013378
0.042321
-0.003056
0.004444
0.011071
0.052482
0.034361
0.011742
0.098622
-0.074596
-0.040110
-0.026180
0.055125
-0.007546
0.008719
0.048413
0.056553
-0.045444
0.030707
0.015561
-0.006443
0.120012
0.003535
-0.019271
-0.032250
-0.042439
0.031070
-0.019297
-0.000405
-0.032470
-0.009519
-0.034021
0.008828
0.031806
-0.025362
0.100663
-0.066639
0.053134
-0.052666
-0.016582
-0.020160
0.037579
0.031191
-0.056273
0.018189
0.070005
-0.062159
0.141008
0.016639
0.005369
-0.014050
0.033626
-0.059399
-0.020844
-0.119263
0.004139
0.045750
-0.014141
0.045696
0.057297
0.017647
-0.029232
0.050559
-0.070286
0.058511
-0.042499
-0.107242
0.039758
-0.066901
-0.041058
0.044252
-0.040373
0.029939
-0.014333
0.001915
0.109357
-0.035278
0.014486
-0.006014
-0.014663
0.041453
-0.024326
0.055129
-0.015735
-0.054990
-0.070256
0.027175
-0.060392
-0.021902
0.010817
-0.036848
-0.023026
-0.068993
-0.017373
-0.014619
-0.035702
0.021739
-0.032020
-0.019048
0.077369
0.068610
0.005585
0.036992
0.006054
0.025485
-0.031229
0.071262
0.028307
-0.027598
0.045195
0.053054
-0.047968
0.034048
-0.045469
0.115281
0.096830
-0.063218
0.052491
0.049733
-0.060936
-0.004844
0.042745
0.068269
-0.012013
-0.054212
0.023266
0.040364
-0.029002
0.060052
0.045951
-0.049899
-0.033103
0.050852
0.010465
-0.066027
-0.002535
-0.012340
-0.002285
-0.004434
0.071487
0.021041
-0.010367
0.006852
0.004245
-0.011558
0.004324
0.010580
0.083396
-0.040713
-0.028367
0.023724
-0.006941
-0.084835
0.073012
-0.082054
-0.053041
0.022424
-0.030883
-0.027049
0.016237
0.016105
-0.052709
0.061278
0.011021
0.024064
-0.025489
-0.033548
0.013269
-0.012141
0.030458
0.008872
0.071493
0.051746
-0.000787
-0.006420
-0.028361
-0.061424
-0.006365
-0.077041
-0.019727
0.083533
0.099902
0.021265
-0.074349
-0.011813
0.020850
-0.080113
0.019708
0.006275
0.051011
-0.002881
0.010328
0.051231
-0.010182
0.055212
-0.001373
-0.049739
0.069285
0.036848
0.026545
0.062472
0.040210
0.021575
-0.066877
-0.056287
0.027445
-0.025247
-0.025743
-0.069840
0.063931
-0.094907
-0.005057
-0.029907
0.011354
-0.022673
0.035368
0.028382
0.016157
0.056521
0.047035
-0.041877
-0.062992
0.007430
-0.047627
-0.029824
0.049189
-0.020161
0.015727
-0.025583
-0.023479
0.026953
-0.002713
-0.048375
-0.065454
0.089474
-0.032991
-0.027242
0.019441
0.023834
0.019370
0.011340
0.111493
-0.050831
0.053805
0.016203
0.006811
-0.037396
-0.030516
0.039296
