2572
2241
78
7008
1075
5671
8718
9408
1811
4530
798
4886
817
5405
4411
8835
433
1912
6707
8435
6985
7174
7209
2814
2564
7575
7791
8529
3638
3246
7699
112
215
8737
7716
7975
8621
6784
3753
13
955
462
2981
4347
3825
7878
9747
6186
4289
6959
6132
7262
2907
7805
7727
749
2710
2159
6809
8046
1720
2055
6159
2554
5110
532
8086
8390
450
3609
3276
6089
3460
7861
4846
3464
2445
4637
5378
6027
2332
8974
8207
2993
897
3736
2910
875
7543
4820
1528
9673
5431
9042
3420
7450
8482
2919
9330
668
331
227
4639
4381
6904
576
7578
4427
2505
8387
7859
466
9026
4854
1296
9445
9001
3263
851
3972
4652
3629
2564
5183
7682
942
8863
2727
2442
8843
8494
26
7880
7672
6679
8705
5104
4087
3682
8888
5816
6579
2543
2513
9646
8485
2012
4759
126
9813
5742
7934
4913
2090
579
7183
5721
8367
6909
6275
5148
5665
3947
6527
5402
6202
2657
6135
6721
583
5597
8245
1998
3046
6890
8828
2509
8703
3544
7177
1318
3662
3596
6644
5585
7780
9111
6783
7655
8388
8537
6516
1125
9968
388
9893
5577
8115
1029
2095
5046
2960
826
7414
7062
9661
8744
3622
5945
1727
4522
8999
7320
5975
8378
2309
8147
2679
1132
8201
827
8890
8351
111
9140
1676
5731
281
2303
7083
7338
8738
243
2534
1267
6935
3486
5993
8895
3053
904
5319
7307
6808
9869
225
6497
1862
1633
5755
4913
1569
8101
9158
9845
794
